15.44
13.58
8.35
11.51
4.54
9.53
11.42
9.35
7.16
8.97
5.51
15.94
10.96
4.39
16.54
9.65
14.06
15.28
9.53
18.64
6.89
10.81
7.44
8.94
10.63
15.50
15.21
4.53
10.68
14.89
10.86
4.51
17.93
12.28
12.80
8.06
17.35
15.52
5.18
7.37
4.09
11.13
6.43
12.23
19.59
5.02
16.44
9.04
12.66
19.84
13.55
5.21
14.54
13.17
7.38
8.14
9.09
10.22
6.23
10.00
12.90
11.17
6.16
14.48
18.78
16.30
10.46
11.65
8.37
11.72
16.72
7.63
7.85
4.95
13.10
7.29
11.42
4.68
15.07
14.51
15.90
5.57
16.96
19.84
18.48
8.32
4.89
5.05
7.34
19.16
14.96
17.91
6.67
19.52
7.46
5.02
15.55
17.39
5.65
13.13
16.49
17.11
10.53
13.24
16.55
19.68
8.56
18.47
9.57
19.76
8.27
12.01
18.95
13.75
11.02
9.77
10.69
5.72
13.65
17.85
6.35
12.71
14.75
8.39
12.36
17.79
18.21
14.19
5.73
13.83
18.45
6.98
18.80
12.96
18.24
11.36
10.11
14.45
8.98
14.73
10.99
13.51
7.14
15.87
10.60
13.59
17.93
9.97
5.71
13.19
11.70
7.62
16.02
7.30
9.77
4.35
16.81
12.54
5.48
19.50
6.72
12.50
14.03
18.66
7.17
19.44
6.09
19.08
16.61
16.54
6.38
9.88
4.65
14.20
8.36
9.71
14.71
8.79
11.96
10.39
15.54
14.56
6.68
16.59
13.47
17.78
16.73
19.34
12.53
6.82
14.94
9.98
6.02
4.95
5.73
13.90
10.97
15.09
19.68
9.42
